syntheticgrav.grd
DSAA
 134 106
 0.000000 133.000000
 0.000000 105.000000
 -70.801771 -4.211777
[rows 56 to 83 of 106, columns 63 to 125 of 134]
-66.6914 -66.6993 -66.681 -66.6371 -66.5676 -66.4723 -66.3502 -66.1999 -66.0195 -65.8066 -65.5587 -65.2738 -64.9503 -64.5876 -64.1863 -63.748 -63.2755 -62.7718 -62.2397 -61.6807 -61.0939 -60.4763 -59.8217 -59.1228 -58.3713 -57.561 -56.6892 -55.7604 -54.7864 -53.7875 -52.7856 -51.7988 -50.8309 -49.8696 -48.8884 -47.8588 -46.7562 -45.5686 -44.2946 -42.9461 -41.5477 -40.1462 -38.8049 -37.5849 -36.4998 -35.5033 -34.5085 -33.4422 -32.273 -31.0289 -29.77 -28.5659 -27.4478 -26.4215 -25.5172 -24.8263 -24.3811 -24.1117 -23.9241 -23.7958 -23.7107 -23.6641 -23.632
-66.1798 -66.1694 -66.1334 -66.072 -65.9857 -65.8742 -65.7364 -65.571 -65.3757 -65.148 -64.8851 -64.5845 -64.2445 -63.8645 -63.4451 -62.9884 -62.4977 -61.9771 -61.4297 -60.8578 -60.2608 -59.6355 -58.975 -58.2711 -57.5144 -56.6979 -55.8181 -54.8795 -53.8949 -52.8866 -51.8794 -50.8942 -49.9368 -48.9958 -48.0451 -47.0569 -46.0077 -44.8864 -43.6912 -42.4325 -41.1313 -39.8284 -38.5782 -37.4331 -36.4029 -35.4458 -34.4843 -33.453 -32.3251 -31.13 -29.9297 -28.7962 -27.7604 -26.8223 -25.9978 -25.3573 -24.9235 -24.639 -24.4213 -24.2459 -24.0955 -23.9725 -23.8629
-65.6344 -65.6055 -65.5513 -65.4724 -65.3691 -65.2412 -65.0879 -64.9075 -64.6978 -64.4558 -64.1786 -63.8633 -63.5079 -63.1118 -62.6756 -62.202 -61.6948 -61.1589 -60.5984 -60.0161 -59.4114 -58.7808 -58.1167 -57.4097 -56.6492 -55.8271 -54.939 -53.9895 -52.9924 -51.9722 -50.9573 -49.9722 -49.0248 -48.1048 -47.1867 -46.2429 -45.2505 -44.1987 -43.0839 -41.9138 -40.7056 -39.4952 -38.3307 -37.2581 -36.2849 -35.3726 -34.4508 -33.4606 -32.3789 -31.2366 -30.0966 -29.0317 -28.072 -27.2131 -26.4594 -25.8636 -25.4408 -25.1433 -24.898 -24.6788 -24.4667 -24.2705 -24.0848
-65.0559 -65.0084 -64.936 -64.8393 -64.7188 -64.5745 -64.4056 -64.2105 -63.9866 -63.731 -63.4403 -63.1113 -62.7418 -62.3309 -61.8794 -61.3906 -60.8687 -60.3196 -59.7481 -59.1576 -58.5476 -57.9139 -57.248 -56.5392 -55.7756 -54.9478 -54.0505 -53.0882 -52.0757 -51.0405 -50.0153 -49.0286 -48.0912 -47.1937 -46.3102 -45.4133 -44.4801 -43.4989 -42.4641 -41.3801 -40.2604 -39.1377 -38.0561 -37.057 -36.1459 -35.2867 -34.4137 -33.4728 -32.4438 -31.3591 -30.2821 -29.2857 -28.3991 -27.6142 -26.9249 -26.3683 -25.9524 -25.6388 -25.3637 -25.1001 -24.8279 -24.5608 -24.2994
-64.4454 -64.3794 -64.2888 -64.1742 -64.0364 -63.8755 -63.6909 -63.4811 -63.2434 -62.9747 -62.6712 -62.3296 -61.9472 -61.5232 -61.0583 -60.556 -60.0214 -59.4612 -58.8809 -58.2844 -57.6712 -57.0363 -56.3702 -55.6608 -54.8948 -54.0614 -53.1545 -52.1783 -51.1489 -50.0969 -49.0599 -48.0715 -47.1454 -46.2724 -45.4256 -44.5769 -43.7031 -42.7913 -41.8337 -40.8315 -39.7955 -38.7562 -37.7551 -36.8309 -35.9874 -35.1894 -34.374 -33.4902 -32.52 -31.4971 -30.4856 -29.5579 -28.7415 -28.0254 -27.3945 -26.8715 -26.4585 -26.1259 -25.8187 -25.5106 -25.1806 -24.8457 -24.51
-63.8034 -63.7191 -63.6104 -63.478 -63.3228 -63.1451 -62.9447 -62.7201 -62.4688 -62.1874 -61.872 -61.5189 -61.1252 -60.6897 -60.2132 -59.6997 -59.1546 -58.5854 -57.9986 -57.3983 -56.7838 -56.1496 -55.4848 -54.7763 -54.0094 -53.1721 -52.2577 -51.2698 -50.2259 -49.1597 -48.1138 -47.1271 -46.2157 -45.3698 -44.5608 -43.7593 -42.9419 -42.0949 -41.2086 -40.2818 -39.3236 -38.3629 -37.4394 -36.5894 -35.8153 -35.082 -34.3284 -33.5057 -32.5975 -31.6387 -30.6936 -29.833 -29.0829 -28.4298 -27.8514 -27.3582 -26.947 -26.5959 -26.2586 -25.9097 -25.5274 -25.1313 -24.7271
-63.131 -63.0288 -62.9022 -62.7521 -62.5795 -62.385 -62.1686 -61.9292 -61.6643 -61.3706 -61.0441 -60.6807 -60.2772 -59.8321 -59.3463 -58.8237 -58.2706 -57.6949 -57.1038 -56.5019 -55.8883 -55.2566 -54.5953 -53.8899 -53.1251 -52.2883 -51.3719 -50.3799 -49.3305 -48.2601 -47.2154 -46.2391 -45.3487 -44.5328 -43.7607 -43.002 -42.2335 -41.4418 -40.6167 -39.7561 -38.8679 -37.9792 -37.1277 -36.3471 -35.638 -34.9658 -34.2714 -33.508 -32.6612 -31.7661 -30.8857 -30.0884 -29.3979 -28.7998 -28.2667 -27.8001 -27.3933 -27.0302 -26.6712 -26.2924 -25.872 -25.4304 -24.9747
-62.4286 -62.3093 -62.1654 -61.9979 -61.808 -61.5966 -61.3642 -61.1098 -60.8315 -60.526 -60.1891 -59.8166 -59.4049 -58.9523 -58.4594 -57.9303 -57.3716 -56.792 -56.1992 -55.5981 -54.9875 -54.3608 -53.7054 -53.0066 -52.2486 -51.419 -50.5104 -49.5272 -48.4882 -47.4314 -46.4053 -45.4535 -44.5927 -43.8094 -43.071 -42.3469 -41.6152 -40.8644 -40.0861 -39.2788 -38.45 -37.6246 -36.8365 -36.1158 -35.4615 -34.8402 -34.1962 -33.4861 -32.6968 -31.863 -31.0441 -30.3036 -29.663 -29.1079 -28.6101 -28.1668 -27.7694 -27.4054 -27.0396 -26.6503 -26.2157 -25.7571 -25.2821
-61.6983 -61.5625 -61.402 -61.2176 -61.0107 -60.7827 -60.5342 -60.2651 -59.9736 -59.6567 -59.3103 -58.9299 -58.5117 -58.0535 -57.5558 -57.0226 -56.4609 -55.88 -55.2881 -54.6905 -54.0858 -53.4668 -52.8205 -52.1323 -51.3869 -50.5728 -49.6838 -48.7249 -47.7158 -46.6941 -45.7068 -44.7952 -43.9726 -43.2232 -42.5136 -41.814 -41.1048 -40.3784 -39.6301 -38.8616 -38.0802 -37.3077 -36.5726 -35.9003 -35.2881 -34.7054 -34.1011 -33.4365 -32.7004 -31.9248 -31.1635 -30.4732 -29.8721 -29.3481 -28.8755 -28.4523 -28.0695 -27.7165 -27.3602 -26.9811 -26.5587 -26.1143 -25.6562
-60.9414 -60.7901 -60.6137 -60.4131 -60.1898 -59.9454 -59.6814 -59.3979 -59.0938 -58.7663 -58.4113 -58.0242 -57.601 -57.139 -56.6384 -56.1033 -55.541 -54.9614 -54.3732 -53.7819 -53.1861 -52.578 -51.9446 -51.2714 -50.5443 -49.7535 -48.8947 -47.9742 -47.0116 -46.0428 -45.1108 -44.251 -43.4724 -42.757 -42.0712 -41.3873 -40.6888 -39.9728 -39.2404 -38.4976 -37.7524 -37.0226 -36.3306 -35.6965 -35.1162 -34.5624 -33.9898 -33.3647 -32.6776 -31.9575 -31.2504 -30.6053 -30.0372 -29.5367 -29.0836 -28.6789 -28.3147 -27.9808 -27.645 -27.2898 -26.8962 -26.4854 -26.0662
-60.1602 -59.9944 -59.8031 -59.5871 -59.3481 -59.0881 -58.8092 -58.5121 -58.1962 -57.859 -57.4966 -57.1042 -56.6773 -56.2129 -55.711 -55.1757 -54.6146 -54.0383 -53.4564 -52.8746 -52.291 -51.6976 -51.0807 -50.4265 -49.7223 -48.9605 -48.1389 -47.2652 -46.3586 -45.4519 -44.5825 -43.7795 -43.0468 -42.3646 -41.7002 -41.0276 -40.3337 -39.6206 -38.8958 -38.17 -37.452 -36.7562 -36.0992 -35.4964 -34.9426 -34.4133 -33.8685 -33.2794 -32.6377 -31.9689 -31.312 -30.7086 -30.1706 -29.6918 -29.2572 -28.8716 -28.5284 -28.2172 -27.906 -27.5794 -27.2196 -26.8473 -26.4716
-59.356 -59.1768 -58.9716 -58.7411 -58.4872 -58.2125 -57.9195 -57.6098 -57.2832 -56.9376 -56.569 -56.1726 -55.7432 -55.2776 -54.7754 -54.2406 -53.6818 -53.1104 -52.5367 -51.967 -51.399 -50.8238 -50.2272 -49.5955 -48.9174 -48.1875 -47.4057 -46.5809 -45.7316 -44.8873 -44.08 -43.3325 -42.6449 -41.9958 -41.3532 -40.6927 -40.0039 -39.2935 -38.5744 -37.8614 -37.1645 -36.4954 -35.8668 -35.291 -34.7621 -34.2575 -33.7405 -33.1853 -32.5845 -31.9609 -31.348 -30.7821 -30.273 -29.8169 -29.4026 -29.0378 -28.7169 -28.4292 -28.1433 -27.8448 -27.517 -27.1799 -26.8422
-58.5305 -58.3389 -58.1208 -57.8768 -57.6088 -57.3201 -57.0138 -56.6923 -56.3559 -56.003 -55.6295 -55.2303 -54.7997 -54.3338 -53.8318 -53.298 -52.7416 -52.1752 -51.6107 -51.0547 -50.5047 -49.9506 -49.3773 -48.771 -48.1212 -47.4244 -46.6821 -45.9044 -45.1087 -44.3219 -43.5713 -42.8757 -42.2316 -41.6166 -40.9986 -40.3544 -39.6755 -38.9722 -38.2611 -37.5602 -36.88 -36.2316 -35.626 -35.0746 -34.5712 -34.0936 -33.6062 -33.0842 -32.52 -31.9348 -31.3594 -30.8268 -30.346 -29.9142 -29.5228 -29.1806 -28.8828 -28.6188 -28.3573 -28.0848 -27.7851 -27.4776 -27.1698
-57.6833 -57.4808 -57.251 -56.9943 -56.7127 -56.4102 -56.0906 -55.7573 -55.4114 -55.0516 -54.6742 -54.2735 -53.8431 -53.3781 -52.877 -52.3441 -51.7893 -51.227 -50.6707 -50.128 -49.5962 -49.0643 -48.5161 -47.9374 -47.3181 -46.6556 -45.9526 -45.2194 -44.4726 -43.7372 -43.0377 -42.3899 -41.7881 -41.2087 -40.6191 -39.9964 -39.3336 -38.6431 -37.9437 -37.2551 -36.5886 -35.9558 -35.3689 -34.8403 -34.3639 -33.9166 -33.4616 -32.9737 -32.4447 -31.8949 -31.3536 -30.8526 -30.4001 -29.9942 -29.6272 -29.3088 -29.0345 -28.7938 -28.5557 -28.3074 -28.0329 -27.751 -27.4675
-56.8158 -56.6039 -56.3639 -56.0952 -55.8001 -55.483 -55.149 -54.8025 -54.4459 -54.0788 -53.6978 -53.2968 -52.8684 -52.4062 -51.9072 -51.3752 -50.8207 -50.26 -49.7085 -49.1755 -48.659 -48.1475 -47.6244 -47.075 -46.4893 -45.8643 -45.2024 -44.5131 -43.8124 -43.124 -42.471 -41.8679 -41.3074 -40.7646 -40.2064 -39.6097 -38.9683 -38.2953 -37.6106 -36.9341 -36.278 -35.6561 -35.0839 -34.5767 -34.129 -33.7156 -33.2976 -32.8481 -32.3583 -31.8477 -31.3438 -30.8768 -30.4543 -30.0753 -29.7332 -29.4384 -29.1866 -28.9679 -28.7518 -28.5264 -28.2759 -28.0185 -27.7581
-55.9294 -55.7102 -55.4614 -55.1814 -54.8723 -54.5391 -54.1882 -53.8255 -53.4553 -53.079 -52.6939 -52.2939 -51.87 -51.4133 -50.9185 -50.3879 -49.8324 -49.2695 -48.7173 -48.1873 -47.6792 -47.1829 -46.6827 -46.1641 -45.6163 -45.0346 -44.4187 -43.7759 -43.1208 -42.4768 -41.8673 -41.3062 -40.7857 -40.2798 -39.7545 -39.1866 -38.5701 -37.9182 -37.2498 -36.584 -35.9339 -35.3168 -34.7543 -34.2669 -33.8499 -33.4753 -33.1008 -32.6981 -32.2575 -31.7967 -31.34 -30.914 -30.525 -30.1737 -29.8559 -29.5832 -29.3516 -29.1521 -28.9556 -28.7516 -28.5249 -28.2929 -28.0574
-55.031 -54.8069 -54.5508 -54.2601 -53.9362 -53.5847 -53.2134 -52.8304 -52.4427 -52.0542 -51.6641 -51.2663 -50.8497 -50.4021 -49.9145 -49.3867 -48.8289 -48.26 -47.7003 -47.1644 -46.6553 -46.1663 -45.6849 -45.1982 -44.6941 -44.1633 -43.6004 -43.0083 -42.3999 -41.7991 -41.2305 -40.709 -40.2266 -39.7566 -39.2646 -38.727 -38.138 -37.5097 -36.8587 -36.2019 -35.5528 -34.9341 -34.3759 -33.9064 -33.5223 -33.1918 -32.8685 -32.5226 -32.1434 -31.7458 -31.3484 -30.9718 -30.6204 -30.2977 -30.0031 -29.7503 -29.5359 -29.3521 -29.1723 -28.9879 -28.7848 -28.5793 -28.3713
-54.1317 -53.9047 -53.643 -53.342 -53.0027 -52.631 -52.2362 -51.8291 -51.42 -51.0164 -50.6201 -50.2255 -49.8192 -49.3843 -48.9071 -48.384 -47.8238 -47.2461 -46.6735 -46.1238 -45.6046 -45.1149 -44.6479 -44.1938 -43.7382 -43.2654 -42.7615 -42.2236 -41.6627 -41.1036 -40.5735 -40.0888 -39.6421 -39.2064 -38.747 -38.2408 -37.6813 -37.0793 -36.4477 -35.8001 -35.1503 -34.5267 -33.97 -33.5175 -33.1681 -32.8852 -32.618 -32.3353 -32.0257 -31.6998 -31.3693 -31.0474 -30.7359 -30.4419 -30.1696 -29.9347 -29.7349 -29.5641 -29.398 -29.2312 -29.0504 -28.871 -28.6911
-53.2505 -53.0218 -52.7554 -52.4446 -52.0899 -51.6975 -51.2783 -50.8458 -50.4136 -49.9936 -49.5907 -49.2 -48.8054 -48.3854 -47.9209 -47.4044 -46.8431 -46.2571 -45.6706 -45.1045 -44.571 -44.0762 -43.6207 -43.1986 -42.793 -42.3799 -41.9359 -41.4518 -40.9365 -40.4167 -39.9222 -39.4712 -39.0569 -38.6529 -38.2248 -37.75 -37.2221 -36.6497 -36.0422 -35.4093 -34.7647 -34.1418 -33.5908 -33.1575 -32.8425 -32.6051 -32.3915 -32.1697 -31.9274 -31.6713 -31.4058 -31.137 -30.8647 -30.5992 -30.3489 -30.1311 -29.9442 -29.784 -29.6291 -29.4767 -29.3147 -29.1574 -29.0016
-52.4079 -52.1776 -51.9063 -51.5861 -51.2169 -50.8057 -50.3646 -49.9093 -49.4567 -49.0219 -48.6131 -48.2259 -47.8423 -47.4362 -46.9842 -46.4754 -45.9159 -45.326 -44.7312 -44.1544 -43.6115 -43.1145 -42.6705 -42.2775 -41.9161 -41.5551 -41.1633 -40.7261 -40.2513 -39.7668 -39.3041 -38.8828 -38.4969 -38.1208 -37.7215 -37.2775 -36.7826 -36.2441 -35.6685 -35.0627 -34.4397 -33.8355 -33.3044 -32.8961 -32.6121 -32.4107 -32.2381 -32.0637 -31.8749 -31.6749 -31.4624 -31.2388 -31.0024 -30.7652 -30.5374 -30.3367 -30.1618 -30.0099 -29.8628 -29.7199 -29.57 -29.4267 -29.286
-51.6254 -51.392 -51.1147 -50.7852 -50.4034 -49.9772 -49.5199 -49.0485 -48.5818 -48.137 -47.724 -47.339 -46.9624 -46.5659 -46.1231 -45.6217 -45.0672 -44.4807 -43.8882 -43.3137 -42.7743 -42.2845 -41.8548 -41.485 -41.1548 -40.8295 -40.4741 -40.0716 -39.629 -39.1742 -38.739 -38.3428 -37.9803 -37.6276 -37.2539 -36.8394 -36.3786 -35.8783 -35.3437 -34.7808 -34.2017 -33.6408 -33.1492 -32.7736 -32.515 -32.3353 -32.1856 -32.039 -31.8834 -31.7198 -31.5438 -31.3545 -31.1493 -30.94 -30.7359 -30.5526 -30.3885 -30.2428 -30.0996 -29.9603 -29.8142 -29.6748 -29.5378
-50.9159 -50.6769 -50.392 -50.0529 -49.6606 -49.2239 -48.7572 -48.278 -47.8052 -47.3563 -46.941 -46.5555 -46.1804 -45.7867 -45.3481 -44.8523 -44.3054 -43.7291 -43.1501 -42.5919 -42.0705 -41.5988 -41.1862 -40.8321 -40.5171 -40.208 -39.8708 -39.489 -39.0692 -38.6381 -38.2256 -37.85 -37.5065 -37.1733 -36.8223 -36.4361 -36.0102 -35.5513 -35.065 -34.5576 -34.0399 -33.5413 -33.1039 -32.7662 -32.5282 -32.3586 -32.217 -32.082 -31.9427 -31.7989 -31.6454 -31.481 -31.3027 -31.1203 -30.9398 -30.7738 -30.6195 -30.4779 -30.3356 -30.1951 -30.0462 -29.9028 -29.7608
-50.2863 -50.0396 -49.7454 -49.3965 -48.995 -48.5512 -48.0802 -47.5995 -47.1269 -46.6781 -46.2615 -45.873 -45.4938 -45.097 -44.6576 -44.1649 -43.6262 -43.0643 -42.5061 -41.9736 -41.4798 -41.033 -40.638 -40.2926 -39.9796 -39.6706 -39.3366 -38.9637 -38.5584 -38.1449 -37.7507 -37.3923 -37.065 -36.7494 -36.4203 -36.0625 -35.6725 -35.2572 -34.8228 -34.3765 -33.927 -33.4972 -33.1187 -32.8201 -32.6005 -32.4363 -32.2966 -32.1655 -32.0336 -31.9008 -31.7618 -31.6164 -31.4612 -31.3035 -31.1452 -30.9952 -30.8494 -30.7106 -30.5674 -30.4231 -30.268 -30.1166 -29.9653
-49.7353 -49.4797 -49.1749 -48.8152 -48.4045 -47.9546 -47.4813 -47.0016 -46.5315 -46.0841 -45.6658 -45.2721 -44.8855 -44.4816 -44.0382 -43.5466 -43.0157 -42.4691 -41.9337 -41.43 -40.9668 -40.5461 -40.1672 -39.8252 -39.5059 -39.1873 -38.847 -38.4747 -38.0769 -37.6758 -37.296 -36.9527 -36.6414 -36.3442 -36.0385 -35.711 -35.3588 -34.9889 -34.6075 -34.2218 -33.8387 -33.4749 -33.1524 -32.8916 -32.6909 -32.5334 -32.3962 -32.268 -32.1412 -32.0159 -31.8877 -31.7576 -31.6219 -31.4853 -31.3461 -31.2098 -31.0713 -30.9343 -30.7892 -30.6399 -30.4771 -30.316 -30.1542
-49.2644 -48.9986 -48.6816 -48.3094 -47.8877 -47.4299 -46.9526 -46.4723 -46.0032 -45.5558 -45.1345 -44.7343 -44.3391 -43.927 -43.4784 -42.9866 -42.462 -41.929 -41.4148 -40.9382 -40.5036 -40.107 -39.7414 -39.3996 -39.0701 -38.7375 -38.386 -38.0092 -37.6138 -37.2204 -36.852 -36.5229 -36.2287 -35.9523 -35.6729 -35.3788 -35.0672 -34.7443 -34.4157 -34.0879 -33.7656 -33.461 -33.1888 -32.9637 -32.7836 -32.6366 -32.5053 -32.382 -32.2603 -32.1415 -32.0222 -31.9045 -31.7847 -31.6655 -31.5418 -31.4165 -31.2837 -31.1477 -30.9999 -30.8448 -30.6733 -30.5015 -30.329
-48.875 -48.5967 -48.2647 -47.8765 -47.4398 -46.9697 -46.484 -45.9989 -45.5271 -45.0768 -44.6507 -44.2431 -43.8392 -43.4189 -42.9647 -42.4714 -41.9507 -41.4279 -40.9307 -40.4764 -40.0658 -39.6892 -39.3342 -38.9912 -38.6512 -38.3044 -37.9407 -37.5571 -37.1609 -36.7718 -36.4123 -36.0968 -35.8207 -35.5673 -35.3169 -35.0588 -34.7901 -34.5157 -34.2396 -33.9669 -33.7007 -33.4494 -33.223 -33.0318 -32.8737 -32.7401 -32.6176 -32.5007 -32.3847 -32.2716 -32.1598 -32.0528 -31.9466 -31.8421 -31.7315 -31.6153 -31.4866 -31.3504 -31.1987 -31.0363 -30.8544 -30.6705 -30.4863
-48.5748 -48.2798 -47.9274 -47.5173 -47.0594 -46.5709 -46.0709 -45.5757 -45.0968 -44.6404 -44.2075 -43.7919 -43.3793 -42.9506 -42.4896 -41.9924 -41.4715 -40.9534 -40.4663 -40.027 -39.6334 -39.2713 -38.9243 -38.5811 -38.2338 -37.8769 -37.5042 -37.115 -36.7172 -36.3307 -35.9783 -35.6751 -35.4166 -35.1861 -34.9651 -34.7439 -34.5192 -34.2941 -34.0707 -33.8525 -33.6408 -33.441 -33.2586 -33.1005 -32.9645 -32.8449 -32.7316 -32.6211 -32.5099 -32.4017 -32.2969 -32.2003 -32.108 -32.0187 -31.9212 -31.8133 -31.687 -31.5481 -31.3894 -31.2164 -31.0206 -30.8211 -30.6218
-48.365 -48.047 -47.667 -47.2274 -46.7409 -46.2269 -45.7063 -45.1958 -44.7058 -44.2406 -43.7994 -43.3749 -42.9527 -42.5144 -42.0443 -41.5391 -41.012 -40.4907 -40.0044 -39.57 -39.1839 -38.8293 -38.4878 -38.147 -37.7998 -37.4416 -37.0674 -36.6774 -36.2799 -35.8956 -35.5488 -35.2556 -35.0119 -34.8016 -34.6079 -34.4225 -34.2417 -34.0663 -33.8966 -33.7347 -33.5796 -33.4333 -33.2962 -33.1715 -33.0565 -32.9491 -32.8429 -32.7367 -32.6285 -32.5239 -32.4258 -32.3413 -32.266 -32.1955 -32.114 -32.015 -31.8891 -31.7431 -31.5721 -31.3823 -31.1661 -30.9439 -30.7223
