syntheticgrav.grd
DSAA
 134 106
 0.000000 133.000000
 0.000000 105.000000
 -70.801771 -4.211777
[rows 0 to 27 of 106, columns 0 to 62 of 134]
-8.42611 -11.2295 -11.7352 -11.8 -11.8147 -11.829 -11.8249 -11.8256 -11.8235 -11.8276 -11.8277 -11.8305 -11.832 -11.8353 -11.8307 -11.8017 -11.7252 -11.6108 -11.4783 -11.3372 -11.1837 -11.0219 -10.8629 -10.7373 -10.6821 -10.702 -10.7798 -10.9719 -11.393 -12.0449 -12.7946 -13.5454 -14.2755 -14.9823 -15.6584 -16.2781 -16.7995 -17.2161 -17.5791 -17.9634 -18.4333 -19.0064 -19.6326 -20.2415 -20.7832 -21.2449 -21.6518 -22.0439 -22.4506 -22.8859 -23.3547 -23.8684 -24.4449 -25.0853 -25.7576 -26.4139 -27.0168 -27.5521 -28.025 -28.4505 -28.8441 -29.2191 -29.5867
-11.2939 -15.0546 -15.6459 -15.6649 -15.6581 -15.6702 -15.6623 -15.6629 -15.6614 -15.6695 -15.6728 -15.6796 -15.6841 -15.6908 -15.6865 -15.648 -15.5428 -15.3845 -15.2006 -15.0053 -14.7937 -14.5713 -14.3522 -14.1782 -14.0995 -14.1225 -14.2218 -14.4709 -15.0207 -15.8742 -16.856 -17.8405 -18.8017 -19.7366 -20.6311 -21.4471 -22.1272 -22.6633 -23.125 -23.6141 -24.2169 -24.9561 -25.7644 -26.5476 -27.2397 -27.8246 -28.3355 -28.8244 -29.3293 -29.8682 -30.4478 -31.0829 -31.7949 -32.5834 -33.4075 -34.2078 -34.939 -35.5843 -36.151 -36.6583 -37.1263 -37.5723 -38.0106
-11.7337 -15.6118 -16.1736 -16.1682 -16.1663 -16.1941 -16.2017 -16.2173 -16.2299 -16.252 -16.2685 -16.2883 -16.3049 -16.3232 -16.3291 -16.2977 -16.1943 -16.0332 -15.8448 -15.645 -15.4298 -15.205 -14.9853 -14.8146 -14.7463 -14.7869 -14.9092 -15.1855 -15.7669 -16.6573 -17.6833 -18.7228 -19.7539 -20.7727 -21.7569 -22.6594 -23.4181 -24.0244 -24.5524 -25.1107 -25.7919 -26.6196 -27.5226 -28.3996 -29.1786 -29.8419 -30.4239 -30.9797 -31.55 -32.1545 -32.8023 -33.5105 -34.3014 -35.173 -36.0815 -36.9639 -37.7716 -38.4861 -39.1151 -39.6796 -40.2026 -40.7036 -41.1985
-11.5567 -15.4149 -16.0273 -16.074 -16.108 -16.1614 -16.1923 -16.2284 -16.2586 -16.2959 -16.3268 -16.3606 -16.3911 -16.4229 -16.4419 -16.4231 -16.3319 -16.183 -16.0068 -15.8197 -15.6186 -15.4098 -15.2074 -15.0555 -15.0072 -15.0695 -15.2148 -15.5101 -16.0969 -16.9793 -17.9963 -19.0373 -20.0874 -21.1416 -22.1693 -23.1178 -23.9255 -24.585 -25.169 -25.7844 -26.5222 -27.4052 -28.3629 -29.2944 -30.1276 -30.8442 -31.4775 -32.0812 -32.6949 -33.3387 -34.0235 -34.7681 -35.5952 -36.503 -37.4487 -38.3699 -39.2169 -39.9704 -40.6376 -41.2406 -41.8038 -42.3481 -42.8897
-11.2605 -15.1099 -15.8355 -15.9736 -16.0559 -16.1387 -16.1954 -16.2543 -16.3038 -16.3576 -16.4042 -16.4531 -16.4985 -16.5447 -16.5777 -16.5728 -16.4963 -16.3626 -16.2017 -16.0302 -15.8454 -15.6538 -15.4698 -15.3368 -15.3076 -15.3892 -15.5546 -15.8662 -16.4567 -17.3306 -18.3383 -19.3798 -20.4457 -21.5299 -22.5941 -23.5808 -24.4304 -25.1372 -25.7719 -26.4385 -27.2249 -28.1519 -29.1504 -30.1221 -30.9976 -31.7599 -32.4395 -33.0848 -33.7315 -34.3983 -35.0981 -35.8518 -36.6816 -37.5863 -38.5273 -39.447 -40.2982 -41.0618 -41.7443 -42.3675 -42.9558 -43.5303 -44.1065
-10.8949 -14.7514 -15.6318 -15.885 -16.0234 -16.1381 -16.223 -16.308 -16.3818 -16.4581 -16.5264 -16.5955 -16.659 -16.7213 -16.7696 -16.7795 -16.7177 -16.5986 -16.4521 -16.2937 -16.1198 -15.9372 -15.7617 -15.6368 -15.6141 -15.701 -15.8727 -16.193 -16.7946 -17.6825 -18.708 -19.7726 -20.8682 -21.9873 -23.0879 -24.1099 -24.9944 -25.7371 -26.4086 -27.1133 -27.9387 -28.9044 -29.9417 -30.9546 -31.8771 -32.6933 -33.4287 -34.1231 -34.805 -35.4908 -36.1965 -36.9461 -37.7623 -38.6454 -39.5614 -40.4592 -41.2962 -42.0544 -42.7397 -43.3725 -43.9765 -44.5716 -45.1724
-10.3722 -14.2429 -15.339 -15.7443 -15.9513 -16.1016 -16.2182 -16.3347 -16.4418 -16.5518 -16.6534 -16.7517 -16.8387 -16.9197 -16.9848 -17.0099 -16.9623 -16.8561 -16.7212 -16.5703 -16.3963 -16.2065 -16.0205 -15.8823 -15.8418 -15.9073 -16.0597 -16.3755 -17.0041 -17.9493 -19.0435 -20.1721 -21.3204 -22.4805 -23.6139 -24.6627 -25.5678 -26.3262 -27.0113 -27.732 -28.5793 -29.5728 -30.6438 -31.6981 -32.6737 -33.5544 -34.358 -35.1116 -35.8336 -36.5378 -37.244 -37.9816 -38.7764 -39.6311 -40.5167 -41.3883 -42.2076 -42.958 -43.6443 -44.2849 -44.9016 -45.5131 -46.1323
-9.70272 -13.6052 -14.9834 -15.5773 -15.8644 -16.0531 -16.2043 -16.3571 -16.5057 -16.6593 -16.8039 -16.9394 -17.0547 -17.1566 -17.2396 -17.2803 -17.2459 -17.1507 -17.0247 -16.8761 -16.6925 -16.4816 -16.2685 -16.0984 -16.019 -16.0396 -16.1498 -16.4499 -17.1206 -18.1634 -19.3729 -20.6026 -21.8246 -23.0318 -24.1957 -25.264 -26.1777 -26.9348 -27.6143 -28.3328 -29.1873 -30.1987 -31.2977 -32.3922 -33.4235 -34.3746 -35.2527 -36.0697 -36.8331 -37.5541 -38.2572 -38.9785 -39.7482 -40.5731 -41.4293 -42.2774 -43.0825 -43.8288 -44.5192 -45.1696 -45.7992 -46.425 -47.0586
-8.96465 -12.9044 -14.5901 -15.3834 -15.7537 -15.9827 -16.1709 -16.3633 -16.5572 -16.7586 -16.9505 -17.1264 -17.2719 -17.3956 -17.4971 -17.5539 -17.5328 -17.4486 -17.3315 -17.1853 -16.9921 -16.76 -16.5194 -16.3161 -16.195 -16.1661 -16.229 -16.511 -17.2276 -18.3773 -19.7114 -21.0473 -22.3431 -23.5937 -24.7822 -25.8635 -26.7791 -27.5283 -28.1957 -28.9058 -29.7617 -30.786 -31.9091 -33.0403 -34.1244 -35.1422 -36.0901 -36.9657 -37.7668 -38.5029 -39.2029 -39.9087 -40.6557 -41.4549 -42.2871 -43.1177 -43.9147 -44.6618 -45.3601 -46.0221 -46.6642 -47.3016 -47.945
-8.42799 -12.3676 -14.2512 -15.183 -15.624 -15.8991 -16.1321 -16.3704 -16.6124 -16.8621 -17.1008 -17.3167 -17.4921 -17.6379 -17.7582 -17.8317 -17.8256 -17.7548 -17.6501 -17.5142 -17.3276 -17.0983 -16.8579 -16.65 -16.5149 -16.4633 -16.5031 -16.7797 -17.5286 -18.745 -20.1548 -21.5534 -22.8905 -24.1629 -25.3613 -26.446 -27.3603 -28.1048 -28.7669 -29.4753 -30.3364 -31.3738 -32.5182 -33.6808 -34.8085 -35.8801 -36.8832 -37.805 -38.6366 -39.3867 -40.0873 -40.7848 -41.5183 -42.3021 -43.121 -43.9437 -44.7401 -45.4936 -46.2027 -46.8766 -47.5293 -48.1742 -48.8222
-8.42692 -12.2641 -14.0531 -14.9662 -15.4444 -15.7779 -16.0726 -16.3694 -16.6637 -16.9609 -17.2438 -17.4978 -17.7021 -17.8697 -18.009 -18.1006 -18.1123 -18.0595 -17.9744 -17.865 -17.7181 -17.5409 -17.3581 -17.2051 -17.1152 -17.0985 -17.1678 -17.465 -18.2123 -19.4045 -20.7834 -22.1549 -23.4699 -24.7245 -25.9087 -26.9829 -27.8934 -28.6417 -29.313 -30.0338 -30.9091 -31.9621 -33.1248 -34.311 -35.469 -36.576 -37.6149 -38.5672 -39.4207 -40.184 -40.891 -41.5901 -42.3225 -43.1044 -43.9228 -44.7483 -45.5519 -46.3163 -47.0377 -47.7227 -48.383 -49.0313 -49.6787
-8.95819 -12.5987 -14.0063 -14.7435 -15.2257 -15.6309 -16.0042 -16.3721 -16.7227 -17.0664 -17.3905 -17.6805 -17.9122 -18.1013 -18.2595 -18.3703 -18.4025 -18.372 -18.3134 -18.2459 -18.1694 -18.0896 -18.0165 -17.9722 -17.9804 -18.0501 -18.1956 -18.5355 -19.2499 -20.3363 -21.5885 -22.8517 -24.087 -25.288 -26.4358 -27.4876 -28.3925 -29.1527 -29.8467 -30.5933 -31.4916 -32.5625 -33.7405 -34.9423 -36.1177 -37.2431 -38.3001 -39.2689 -40.1369 -40.9132 -41.632 -42.3423 -43.0854 -43.8776 -44.7065 -45.5435 -46.36 -47.138 -47.872 -48.5666 -49.232 -49.8805 -50.5241
-9.67168 -13.092 -14.0204 -14.5208 -14.9941 -15.477 -15.9363 -16.3802 -16.788 -17.1769 -17.5403 -17.8643 -18.1216 -18.3307 -18.5066 -18.6363 -18.6902 -18.6849 -18.6567 -18.6381 -18.644 -18.6774 -18.7309 -18.8112 -18.9322 -19.1023 -19.3354 -19.7221 -20.3938 -21.3507 -22.4468 -23.5744 -24.7089 -25.8415 -26.9435 -27.9675 -28.8664 -29.6423 -30.3654 -31.1437 -32.0681 -33.1565 -34.3459 -35.5569 -36.7401 -37.8725 -38.9362 -39.9128 -40.791 -41.5805 -42.3154 -43.0436 -43.805 -44.6149 -45.4606 -46.3135 -47.1449 -47.9366 -48.6819 -49.3843 -50.0532 -50.7009 -51.3401
-10.3072 -13.5509 -14.0648 -14.352 -14.8174 -15.372 -15.9104 -16.424 -16.8847 -17.3156 -17.7155 -18.0696 -18.3478 -18.5712 -18.7595 -18.9048 -18.9807 -19.0036 -19.0098 -19.0414 -19.1248 -19.2604 -19.4255 -19.6135 -19.8299 -20.0822 -20.385 -20.8069 -21.4412 -22.2901 -23.2549 -24.2661 -25.3122 -26.3839 -27.4446 -28.4439 -29.3383 -30.1303 -30.8818 -31.6903 -32.6381 -33.7401 -34.9365 -36.1516 -37.3377 -38.472 -39.538 -40.5194 -41.4068 -42.2109 -42.9649 -43.7146 -44.4978 -45.3279 -46.1913 -47.0598 -47.9047 -48.7078 -49.4621 -50.1707 -50.8426 -51.4904 -52.1273
-10.7575 -13.9032 -14.1549 -14.304 -14.7674 -15.374 -15.9693 -16.5344 -17.0369 -17.503 -17.9334 -18.3105 -18.5996 -18.8257 -19.0153 -19.1691 -19.2669 -19.3237 -19.3709 -19.4526 -19.5998 -19.8109 -20.055 -20.3165 -20.5939 -20.8945 -21.2354 -21.6742 -22.2823 -23.0631 -23.9453 -24.882 -25.8704 -26.9013 -27.9342 -28.9176 -29.8112 -30.6179 -31.3934 -32.2263 -33.1913 -34.301 -35.4991 -36.7146 -37.9011 -39.0364 -40.1046 -41.0913 -41.9892 -42.8095 -43.5845 -44.3573 -45.1624 -46.0115 -46.8903 -47.7708 -48.6254 -49.4362 -50.1965 -50.9097 -51.5849 -52.235 -52.8729
-11.0397 -14.1627 -14.3046 -14.3962 -14.8645 -15.5004 -16.1276 -16.7236 -17.2552 -17.7488 -18.2032 -18.595 -18.8848 -19.1013 -19.2807 -19.4356 -19.5551 -19.6511 -19.7452 -19.8759 -20.0721 -20.3315 -20.6216 -20.9229 -21.2282 -21.5453 -21.8956 -22.3354 -22.9283 -23.6778 -24.5234 -25.427 -26.3892 -27.4011 -28.4212 -29.3986 -30.2957 -31.1158 -31.9104 -32.7613 -33.7371 -34.849 -36.0445 -37.2573 -38.4427 -39.5786 -40.6494 -41.6422 -42.5514 -43.3892 -44.186 -44.982 -45.8082 -46.6739 -47.5645 -48.4529 -49.3128 -50.1272 -50.8906 -51.607 -52.2861 -52.9407 -53.5836
-11.2536 -14.3967 -14.5071 -14.5822 -15.0576 -15.7096 -16.3539 -16.9682 -17.5198 -18.0345 -18.5071 -18.9081 -19.193 -19.3947 -19.559 -19.7117 -19.8521 -19.9884 -20.1302 -20.3067 -20.5414 -20.8321 -21.1487 -21.4699 -21.7846 -22.1007 -22.4454 -22.8783 -23.4624 -24.2016 -25.0375 -25.9334 -26.8897 -27.8978 -28.916 -29.8947 -30.798 -31.6297 -32.4385 -33.3017 -34.2833 -35.3935 -36.5838 -37.7915 -38.9733 -40.107 -41.1777 -42.1744 -43.0936 -43.9482 -44.7667 -45.5855 -46.4318 -47.3124 -48.2122 -49.1054 -49.9669 -50.7817 -51.5456 -52.264 -52.9473 -53.6085 -54.2594
-11.5028 -14.7137 -14.8372 -14.9113 -15.3855 -16.0365 -16.6796 -17.295 -17.8519 -18.3743 -18.8535 -19.2558 -19.5346 -19.7249 -19.8785 -20.0315 -20.1908 -20.3616 -20.5435 -20.7563 -21.0179 -21.3263 -21.6554 -21.9835 -22.297 -22.6048 -22.9386 -23.3637 -23.9466 -24.6913 -25.5372 -26.4442 -27.4101 -28.4256 -29.4499 -30.4343 -31.344 -32.183 -32.9995 -33.8685 -34.8515 -35.9583 -37.1422 -38.3427 -39.5167 -40.6422 -41.7063 -42.7011 -43.6263 -44.4952 -45.3343 -46.1757 -47.0421 -47.9373 -48.8456 -49.742 -50.6034 -51.4166 -52.1794 -52.8989 -53.5864 -54.2551 -54.9157
-11.8599 -15.2346 -15.446 -15.5391 -15.9882 -16.598 -17.1987 -17.7776 -18.3069 -18.8081 -19.2689 -19.6575 -19.9298 -20.1192 -20.2753 -20.4358 -20.6105 -20.803 -21.008 -21.2388 -21.5076 -21.8136 -22.1351 -22.4531 -22.7532 -23.045 -23.3645 -23.7848 -24.3803 -25.1545 -26.0377 -26.9802 -27.9742 -29.009 -30.0462 -31.0385 -31.9517 -32.7908 -33.6056 -34.4723 -35.4522 -36.5545 -37.7323 -38.924 -40.0856 -41.1956 -42.2448 -43.2304 -44.1558 -45.0356 -45.8937 -46.7573 -47.6442 -48.5548 -49.4721 -50.3719 -51.2327 -52.0436 -52.8046 -53.5244 -54.2159 -54.8919 -55.5623
-12.339 -15.9817 -16.3607 -16.4938 -16.8924 -17.418 -17.9318 -18.4333 -18.8991 -19.3472 -19.7624 -20.1207 -20.386 -20.5859 -20.7584 -20.9345 -21.1206 -21.321 -21.531 -21.7603 -22.0161 -22.2986 -22.5926 -22.8831 -23.1576 -23.4264 -23.7283 -24.1474 -24.7704 -25.599 -26.5472 -27.549 -28.5876 -29.6515 -30.7058 -31.706 -32.6188 -33.4511 -34.2564 -35.1148 -36.0891 -37.1878 -38.3617 -39.5457 -40.693 -41.7832 -42.8118 -43.7826 -44.7039 -45.5913 -46.4663 -47.3512 -48.2585 -49.1847 -50.1115 -51.0151 -51.8757 -52.6844 -53.4435 -54.1633 -54.8577 -55.5397 -56.2182
-12.8756 -16.8257 -17.4011 -17.5829 -17.9248 -18.3534 -18.7654 -19.1743 -19.5613 -19.9416 -20.298 -20.6176 -20.8744 -21.0891 -21.2837 -21.4781 -21.6734 -21.875 -22.0817 -22.3011 -22.5356 -22.787 -23.0461 -23.3033 -23.5487 -23.7931 -24.0779 -24.4986 -25.1558 -26.0484 -27.0708 -28.1382 -29.2243 -30.3173 -31.3868 -32.392 -33.3016 -34.1251 -34.9203 -35.7715 -36.7439 -37.8449 -39.0213 -40.2033 -41.3405 -42.4133 -43.4223 -44.3777 -45.2933 -46.186 -47.0753 -47.9787 -48.9037 -49.8437 -50.7787 -51.6855 -52.5458 -53.3527 -54.1099 -54.8292 -55.5252 -56.2107 -56.8938
-13.4166 -17.6523 -18.4026 -18.6288 -18.9253 -19.2726 -19.5965 -19.9222 -20.235 -20.5486 -20.8459 -21.1243 -21.3679 -21.5909 -21.8014 -22.01 -22.2138 -22.4191 -22.6266 -22.842 -23.0644 -23.2962 -23.5327 -23.7688 -23.9968 -24.2279 -24.5052 -24.9318 -25.6166 -26.5558 -27.63 -28.741 -29.8558 -30.9628 -32.0362 -33.0397 -33.9451 -34.7647 -35.5588 -36.4144 -37.3974 -38.5132 -39.7044 -40.8957 -42.0338 -43.0994 -44.0968 -45.0423 -45.954 -46.8507 -47.7504 -48.667 -49.6044 -50.553 -51.4924 -52.4 -53.2591 -54.0639 -54.8192 -55.5374 -56.2331 -56.9189 -57.602
-13.9432 -18.4119 -19.2876 -19.5452 -19.8155 -20.1123 -20.378 -20.6438 -20.8964 -21.1508 -21.3924 -21.6276 -21.8473 -22.0619 -22.2716 -22.4841 -22.6967 -22.915 -23.1375 -23.3676 -23.6026 -23.8447 -24.0905 -24.3364 -24.5758 -24.82 -25.1112 -25.5502 -26.2419 -27.1815 -28.2521 -29.3566 -30.4604 -31.5525 -32.6104 -33.6022 -34.5038 -35.3294 -36.1388 -37.0179 -38.0308 -39.1792 -40.4011 -41.6172 -42.7714 -43.8447 -44.8437 -45.7885 -46.7007 -47.6008 -48.5062 -49.429 -50.3706 -51.3205 -52.2584 -53.163 -54.0186 -54.8204 -55.5734 -56.2896 -56.9828 -57.6651 -58.3431
-14.452 -19.0987 -20.0478 -20.3227 -20.5857 -20.8643 -21.104 -21.3357 -21.5442 -21.748 -21.9382 -22.1275 -22.3108 -22.4979 -22.6873 -22.8918 -23.1138 -23.3564 -23.6111 -23.8782 -24.1547 -24.4417 -24.7333 -25.0243 -25.3076 -25.5943 -25.9228 -26.3804 -27.0547 -27.9426 -28.9484 -29.9912 -31.0407 -32.0864 -33.1075 -34.0767 -34.9745 -35.8158 -36.6569 -37.579 -38.6412 -39.8401 -41.1089 -42.365 -43.5509 -44.6472 -45.6618 -46.6162 -47.5341 -48.4375 -49.3443 -50.266 -51.2037 -52.1471 -53.0771 -53.9742 -54.8237 -55.6212 -56.371 -57.0839 -57.7725 -58.4478 -59.1159
-14.9437 -19.7354 -20.73 -21.0158 -21.2833 -21.5632 -21.7969 -22.0109 -22.1865 -22.3466 -22.4891 -22.6313 -22.7704 -22.9173 -23.0736 -23.2622 -23.4944 -23.7694 -24.0685 -24.3874 -24.7231 -25.0751 -25.433 -25.7881 -26.1323 -26.4761 -26.8527 -27.331 -27.976 -28.7877 -29.6981 -30.6495 -31.6187 -32.596 -33.5632 -34.4986 -35.3889 -36.2494 -37.1312 -38.1079 -39.232 -40.4937 -41.8214 -43.1295 -44.3593 -45.4911 -46.5323 -47.5047 -48.4328 -49.34 -50.245 -51.1602 -52.0874 -53.0181 -53.9352 -54.8209 -55.6619 -56.4535 -57.1988 -57.907 -58.5889 -59.2543 -59.9088
-15.4119 -20.3336 -21.3691 -21.6697 -21.9511 -22.2446 -22.4845 -22.6919 -22.8435 -22.9666 -23.0658 -23.1613 -23.2506 -23.3473 -23.4603 -23.6272 -23.8716 -24.188 -24.5428 -24.9235 -25.3249 -25.7446 -26.169 -26.5868 -26.9887 -27.3845 -27.8037 -28.2997 -28.9191 -29.6635 -30.4874 -31.3512 -32.2367 -33.136 -34.0361 -34.9251 -35.7981 -36.6719 -37.5917 -38.6236 -39.813 -41.1435 -42.5371 -43.9048 -45.1863 -46.3608 -47.4349 -48.4302 -49.3713 -50.2826 -51.1841 -52.0896 -53.0027 -53.9169 -54.8179 -55.6898 -56.5205 -57.3047 -58.0442 -58.7462 -59.4197 -60.073 -60.7113
-15.834 -20.8691 -21.9484 -22.2764 -22.589 -22.9148 -23.1795 -23.3968 -23.538 -23.6348 -23.6979 -23.747 -23.7769 -23.8058 -23.8569 -23.9921 -24.254 -24.6294 -25.0606 -25.5175 -25.9876 -26.4677 -26.9461 -27.4118 -27.8544 -28.2843 -28.73 -29.2376 -29.8433 -30.5491 -31.3197 -32.121 -32.9341 -33.7532 -34.5753 -35.4034 -36.2441 -37.1174 -38.064 -39.1436 -40.3954 -41.7955 -43.2578 -44.6878 -46.0228 -47.2413 -48.3494 -49.368 -50.3222 -51.2372 -52.1343 -53.0288 -53.9263 -54.8227 -55.7063 -56.5633 -57.3823 -58.1578 -58.8902 -59.5846 -60.2482 -60.8879 -61.5085
-16.206 -21.3364 -22.4635 -22.8348 -23.1996 -23.5803 -23.8916 -24.1375 -24.2838 -24.3671 -24.4031 -24.4069 -24.3669 -24.3075 -24.2741 -24.3651 -24.6507 -25.1061 -25.6371 -26.1847 -26.7242 -27.2538 -27.7691 -28.2632 -28.726 -29.1692 -29.6241 -30.1379 -30.7446 -31.4444 -32.1999 -32.9707 -33.7302 -34.4747 -35.215 -35.9726 -36.7685 -37.6275 -38.5876 -39.7044 -41.0119 -42.477 -44.0035 -45.4903 -46.8726 -48.1291 -49.2658 -50.3037 -51.2681 -52.1851 -53.0769 -53.9602 -54.8421 -55.7209 -56.5872 -57.4289 -58.2356 -59.0013 -59.7253 -60.4107 -61.0631 -61.6883 -62.2904
