syntheticgrav.grd
DSAA
 134 106
 0.000000 133.000000
 0.000000 105.000000
 -70.801771 -4.211777
[rows 56 to 83 of 106, columns 0 to 62 of 134]
-28.0142 -36.4322 -39.7573 -41.5564 -42.7808 -43.7327 -44.4713 -45.0957 -45.6239 -46.1025 -46.5329 -46.9382 -47.3157 -47.6823 -48.0397 -48.4042 -48.7804 -49.1818 -49.6103 -50.0712 -50.5574 -51.0631 -51.574 -52.0822 -52.5788 -53.0652 -53.5433 -54.0218 -54.5061 -55.0026 -55.5115 -56.0319 -56.5574 -57.0824 -57.599 -58.1031 -58.5912 -59.0644 -59.5243 -59.9753 -60.4197 -60.8602 -61.2964 -61.7273 -62.1496 -62.5603 -62.9561 -63.3347 -63.6944 -64.035 -64.3562 -64.6589 -64.9433 -65.2101 -65.4586 -65.6885 -65.8983 -66.0867 -66.2518 -66.3925 -66.5073 -66.5956 -66.6569
-28.2457 -36.7126 -40.0764 -41.9093 -43.1612 -44.1356 -44.8944 -45.539 -46.0881 -46.5881 -47.0397 -47.4645 -47.8584 -48.2363 -48.5978 -48.9578 -49.32 -49.6987 -50.0974 -50.5242 -50.9744 -51.4446 -51.9222 -52.4003 -52.8706 -53.3342 -53.7924 -54.2534 -54.7217 -55.2032 -55.6978 -56.2042 -56.7158 -57.2269 -57.7292 -58.2185 -58.6908 -59.1471 -59.5885 -60.0192 -60.4416 -60.8587 -61.2703 -61.676 -62.0728 -62.4581 -62.8285 -63.1821 -63.517 -63.8327 -64.1292 -64.4072 -64.6671 -64.9095 -65.1341 -65.3405 -65.5276 -65.6939 -65.8378 -65.9579 -66.0528 -66.1217 -66.164
-28.4899 -37.0076 -40.4098 -42.2743 -43.5495 -44.5403 -45.3117 -45.9678 -46.5284 -47.0401 -47.5029 -47.9373 -48.3384 -48.7197 -49.0798 -49.4326 -49.7814 -50.1408 -50.5151 -50.9136 -51.3334 -51.7726 -52.2202 -52.6705 -53.1158 -53.5571 -53.996 -54.4398 -54.8927 -55.3602 -55.8415 -56.3352 -56.8342 -57.3324 -57.8215 -58.2968 -58.754 -59.1938 -59.6171 -60.028 -60.429 -60.8232 -61.211 -61.5921 -61.964 -62.3244 -62.6701 -62.9991 -63.3093 -63.6005 -63.8722 -64.1253 -64.3603 -64.578 -64.7782 -64.9608 -65.1247 -65.2687 -65.391 -65.4903 -65.565 -65.6142 -65.6374
-28.7438 -37.3132 -40.7526 -42.646 -43.9405 -44.9423 -45.7199 -46.3802 -46.9447 -47.4603 -47.9266 -48.3637 -48.7656 -49.1451 -49.5001 -49.8438 -50.1793 -50.5211 -50.8739 -51.2477 -51.6406 -52.052 -52.4723 -52.8966 -53.318 -53.7379 -54.1577 -54.5845 -55.0223 -55.4762 -55.9448 -56.4263 -56.9133 -57.3992 -57.8755 -58.337 -58.7795 -59.203 -59.6084 -59.9998 -60.3798 -60.7516 -61.1161 -61.4733 -61.8212 -62.1576 -62.4792 -62.7842 -63.0703 -63.3371 -63.5843 -63.8126 -64.0226 -64.2153 -64.3909 -64.5493 -64.6897 -64.8111 -64.9116 -64.9899 -65.0444 -65.0739 -65.0778
-29.005 -37.6254 -41.0995 -43.0185 -44.3283 -45.3366 -46.1149 -46.7737 -47.336 -47.8494 -48.3134 -48.7479 -49.1461 -49.5204 -49.8678 -50.2012 -50.5233 -50.8484 -51.1815 -51.533 -51.9017 -52.2879 -52.6831 -53.0833 -53.4821 -53.8814 -54.2824 -54.6924 -55.115 -55.5549 -56.0106 -56.4797 -56.9544 -57.4279 -57.8911 -58.3388 -58.7662 -59.1733 -59.561 -59.933 -60.2922 -60.6422 -60.9839 -61.3181 -61.6427 -61.9559 -62.2544 -62.536 -62.7987 -63.0417 -63.2646 -63.4682 -63.6534 -63.8211 -63.9719 -64.106 -64.2228 -64.3213 -64.4 -64.4573 -64.4915 -64.5014 -64.4861
-29.2698 -37.9391 -41.4441 -43.3847 -44.7058 -45.7164 -46.4913 -47.1439 -47.699 -48.2053 -48.6624 -49.09 -49.4812 -49.8475 -50.1855 -50.5078 -50.8165 -51.126 -51.441 -51.7724 -52.1193 -52.483 -52.8555 -53.2336 -53.6115 -53.9911 -54.3739 -54.767 -55.174 -55.5992 -56.041 -56.4966 -56.958 -57.4181 -57.8675 -58.3006 -58.7125 -59.103 -59.4727 -59.8254 -60.164 -60.4926 -60.8123 -61.1241 -61.4263 -61.7171 -61.9932 -62.2524 -62.4923 -62.7121 -62.9113 -63.0907 -63.2512 -63.3941 -63.5202 -63.63 -63.7231 -63.7988 -63.8556 -63.892 -63.9062 -63.8968 -63.8627
-29.5351 -38.2499 -41.7807 -43.7379 -45.0662 -46.0756 -46.8437 -47.4865 -48.0306 -48.5257 -48.9718 -49.3888 -49.7696 -50.1255 -50.4526 -50.7631 -51.0588 -51.3539 -51.6529 -51.9668 -52.2949 -52.639 -52.9917 -53.3503 -53.7092 -54.0705 -54.4358 -54.812 -55.2026 -55.612 -56.0382 -56.4786 -56.925 -57.37 -57.8042 -58.2218 -58.6175 -58.9908 -59.3423 -59.6757 -59.9941 -60.3017 -60.5999 -60.89 -61.1705 -61.4397 -61.6942 -61.9318 -62.1498 -62.3471 -62.5232 -62.679 -62.8152 -62.9337 -63.0352 -63.1208 -63.1903 -63.2434 -63.2785 -63.2943 -63.2888 -63.2606 -63.2082
-29.7967 -38.5522 -42.1028 -44.0714 -45.4028 -46.4079 -47.1664 -47.7967 -48.3267 -48.8072 -49.2388 -49.6418 -50.0092 -50.3523 -50.6671 -50.9653 -51.2487 -51.5308 -51.8161 -52.1153 -52.4279 -52.7558 -53.0919 -53.4338 -53.7761 -54.1208 -54.4694 -54.8288 -55.2022 -55.5941 -56.0028 -56.4257 -56.8548 -57.2828 -57.7001 -58.1008 -58.4794 -58.8351 -59.1682 -59.4824 -59.7809 -60.0679 -60.3452 -60.6142 -60.8737 -61.122 -61.3558 -61.5725 -61.7692 -61.9449 -62.0986 -62.2314 -62.344 -62.4384 -62.5159 -62.5776 -62.6239 -62.6546 -62.6685 -62.6641 -62.6396 -62.5931 -62.5231
-30.049 -38.84 -42.4047 -44.3798 -45.7108 -46.7092 -47.4561 -48.0717 -48.5852 -49.0483 -49.4624 -49.8485 -50.1998 -50.528 -50.8291 -51.1147 -51.3862 -51.6569 -51.9308 -52.2183 -52.5185 -52.8335 -53.1561 -53.4842 -53.8122 -54.1421 -54.4751 -54.8177 -55.1731 -55.5461 -55.9351 -56.3382 -56.7476 -57.1565 -57.5552 -57.9377 -58.2982 -58.6357 -58.9503 -59.2454 -59.5243 -59.7911 -60.048 -60.2966 -60.5358 -60.7638 -60.9774 -61.1739 -61.3502 -61.5049 -61.6371 -61.7475 -61.8373 -61.9085 -61.9625 -62.001 -62.0245 -62.0334 -62.0265 -62.0027 -61.9598 -61.8959 -61.8092
-30.2847 -39.1061 -42.6804 -44.6582 -45.986 -46.9757 -47.7096 -48.3091 -48.8044 -49.2482 -49.6426 -50.0094 -50.3425 -50.6541 -50.9403 -51.2128 -51.4728 -51.7332 -51.9975 -52.2754 -52.5659 -52.8706 -53.1825 -53.4993 -53.8152 -54.1319 -54.4502 -54.7763 -55.1133 -55.4661 -55.8338 -56.2149 -56.6026 -56.9903 -57.3687 -57.7317 -58.0733 -58.3921 -58.688 -58.9642 -59.2237 -59.471 -59.7081 -59.9368 -60.1561 -60.3644 -60.5584 -60.7353 -60.8917 -61.0262 -61.1376 -61.2268 -61.2946 -61.3434 -61.3748 -61.3909 -61.3926 -61.3803 -61.3535 -61.3108 -61.2504 -61.1702 -61.0677
-30.497 -39.3445 -42.9257 -44.9039 -46.2268 -47.2066 -47.9264 -48.5088 -48.9848 -49.4078 -49.781 -50.1271 -50.4407 -50.7346 -51.0051 -51.2641 -51.5126 -51.7632 -52.0186 -52.2882 -52.5704 -52.8667 -53.1697 -53.477 -53.7825 -54.0875 -54.392 -54.7019 -55.0203 -55.3521 -55.6972 -56.0549 -56.4193 -56.7842 -57.141 -57.4834 -57.8053 -58.1051 -58.3822 -58.6396 -58.8803 -59.1084 -59.3261 -59.5354 -59.7353 -59.9244 -60.0992 -60.2569 -60.3941 -60.5091 -60.6007 -60.6695 -60.7166 -60.7442 -60.7543 -60.7491 -60.7298 -60.6974 -60.6514 -60.591 -60.5139 -60.4181 -60.3009
-30.6818 -39.5515 -43.1385 -45.1158 -46.4326 -47.4015 -48.1064 -48.6709 -49.1266 -49.5281 -49.8793 -50.204 -50.4974 -50.773 -51.0274 -51.2725 -51.5091 -51.7494 -51.9958 -52.2572 -52.5316 -52.8201 -53.1152 -53.414 -53.7101 -54.0041 -54.2955 -54.5897 -54.8895 -55.2002 -55.5221 -55.8556 -56.1956 -56.5369 -56.8711 -57.1922 -57.4939 -57.7744 -58.0327 -58.2716 -58.4936 -58.703 -58.9019 -59.0922 -59.2731 -59.4432 -59.5992 -59.7382 -59.8567 -59.9531 -60.0258 -60.0756 -60.1033 -60.1112 -60.1013 -60.0762 -60.0372 -59.9857 -59.9216 -59.8441 -59.7514 -59.641 -59.5101
-30.8401 -39.7291 -43.3209 -45.2965 -46.6061 -47.563 -48.252 -48.7975 -49.2322 -49.6115 -49.9403 -50.2432 -50.5164 -50.7736 -51.0116 -51.2423 -51.4662 -51.6953 -51.9317 -52.1839 -52.4498 -52.7302 -53.0173 -53.3078 -53.5948 -53.8782 -54.1569 -54.4357 -54.7172 -55.0069 -55.3058 -55.615 -55.9304 -56.2477 -56.5589 -56.8583 -57.1396 -57.4006 -57.6402 -57.8608 -58.0646 -58.2557 -58.4361 -58.6077 -58.7698 -58.9211 -59.0585 -59.1791 -59.2797 -59.3582 -59.4134 -59.4456 -59.4556 -59.4456 -59.4176 -59.3741 -59.3168 -59.2473 -59.1658 -59.0721 -58.9644 -58.8404 -58.6968
-30.9765 -39.8818 -43.477 -45.4493 -46.7502 -47.6935 -48.3649 -48.8901 -49.3027 -49.659 -49.965 -50.2461 -50.4991 -50.7379 -50.9594 -51.1751 -51.3853 -51.6017 -51.8264 -52.0678 -52.3238 -52.595 -52.8733 -53.155 -53.4326 -53.7053 -53.9713 -54.235 -54.4987 -54.7679 -55.0442 -55.3295 -55.6206 -55.914 -56.2022 -56.48 -56.7408 -56.9826 -57.2037 -57.4063 -57.5923 -57.7655 -57.9277 -58.0809 -58.2243 -58.3569 -58.4758 -58.5784 -58.6615 -58.7234 -58.7625 -58.779 -58.7734 -58.7477 -58.7036 -58.6434 -58.5691 -58.4824 -58.3842 -58.2747 -58.1526 -58.0157 -57.8605
-31.0976 -40.0164 -43.6123 -45.5787 -46.8684 -47.7959 -48.4477 -48.9509 -49.3399 -49.6722 -49.9548 -50.2139 -50.4467 -50.6671 -50.8718 -51.0719 -51.2672 -51.4695 -51.6806 -51.9092 -52.1534 -52.4138 -52.682 -52.9539 -53.2213 -53.4829 -53.7361 -53.9848 -54.2309 -54.4803 -54.7348 -54.9971 -55.2646 -55.5346 -55.8004 -56.0568 -56.2976 -56.5204 -56.7234 -56.9085 -57.0772 -57.2329 -57.3773 -57.5122 -57.6369 -57.7508 -57.8512 -57.936 -58.0025 -58.049 -58.0739 -58.077 -58.0585 -58.0196 -57.9616 -57.8865 -57.7962 -57.6929 -57.5781 -57.4529 -57.3167 -57.1677 -57.0022
-31.206 -40.1349 -43.7276 -45.6848 -46.9605 -47.8695 -48.4996 -48.9788 -49.3428 -49.65 -49.9086 -50.1452 -50.3576 -50.5595 -50.747 -50.9307 -51.11 -51.2965 -51.4922 -51.7062 -51.9367 -52.1845 -52.4411 -52.7019 -52.9581 -53.2078 -53.4477 -53.6814 -53.9105 -54.1409 -54.3745 -54.6147 -54.8597 -55.1073 -55.3515 -55.5872 -55.8085 -56.013 -56.1986 -56.3668 -56.5189 -56.6577 -56.7847 -56.9014 -57.0075 -57.1024 -57.1843 -57.2518 -57.3025 -57.3352 -57.3482 -57.3408 -57.3123 -57.2631 -57.1937 -57.1055 -57.0003 -56.8806 -56.749 -56.6077 -56.4575 -56.2973 -56.1231
-31.2994 -40.2346 -43.8199 -45.7643 -47.0232 -47.9118 -48.5184 -48.9722 -49.31 -49.5914 -49.8251 -50.0388 -50.2302 -50.413 -50.5828 -50.7494 -50.9117 -51.0811 -51.26 -51.4577 -51.6729 -51.9066 -52.1501 -52.3984 -52.6423 -52.8792 -53.1055 -53.3242 -53.5369 -53.7491 -53.9631 -54.1827 -54.4064 -54.6329 -54.8565 -55.0726 -55.2754 -55.4625 -55.6316 -55.7839 -55.9201 -56.0429 -56.153 -56.2519 -56.3393 -56.4153 -56.4788 -56.5294 -56.5656 -56.5864 -56.5901 -56.5753 -56.5402 -56.484 -56.4059 -56.3066 -56.1875 -56.0518 -55.903 -55.7453 -55.5813 -55.4107 -55.2296
-31.3677 -40.3044 -43.8786 -45.8076 -47.0478 -47.9148 -48.4973 -48.9255 -49.2369 -49.492 -49.7004 -49.8905 -50.0603 -50.2233 -50.3746 -50.5233 -50.668 -50.8195 -50.9806 -51.161 -51.3597 -51.5779 -51.8069 -52.0415 -52.272 -52.4955 -52.708 -52.9122 -53.1091 -53.3044 -53.5004 -53.701 -53.9052 -54.1121 -54.3166 -54.5145 -54.7001 -54.871 -55.0248 -55.1624 -55.284 -55.3917 -55.4858 -55.5676 -55.6369 -55.6944 -55.7401 -55.7747 -55.7978 -55.8089 -55.8062 -55.7874 -55.7492 -55.6894 -55.6056 -55.4975 -55.3662 -55.2153 -55.0498 -54.8761 -54.6988 -54.5192 -54.333
-31.3991 -40.3321 -43.8925 -45.8044 -47.0254 -47.871 -48.4303 -48.8337 -49.1194 -49.3486 -49.5317 -49.6976 -49.8449 -49.9872 -50.119 -50.2492 -50.3757 -50.5092 -50.6523 -50.8149 -50.9965 -51.1984 -51.4119 -51.6318 -51.8481 -52.0578 -52.2567 -52.4469 -52.6295 -52.8096 -52.9895 -53.1733 -53.3601 -53.5496 -53.7369 -53.9183 -54.0883 -54.2447 -54.3848 -54.5093 -54.6178 -54.7119 -54.7914 -54.8573 -54.9096 -54.9498 -54.9789 -54.9991 -55.011 -55.0151 -55.0088 -54.9892 -54.9514 -54.8913 -54.8051 -54.6913 -54.5504 -54.3866 -54.2064 -54.0184 -53.8295 -53.6425 -53.4529
-31.3821 -40.305 -43.8501 -45.7445 -46.9467 -47.7723 -48.3103 -48.6911 -48.9527 -49.1569 -49.3147 -49.4559 -49.5796 -49.6999 -49.8113 -49.9223 -50.0304 -50.1461 -50.2716 -50.4169 -50.5813 -50.7664 -50.9638 -51.1682 -51.3699 -51.5659 -51.7516 -51.9291 -52.0991 -52.2664 -52.4329 -52.6025 -52.7748 -52.9494 -53.1219 -53.289 -53.4456 -53.5894 -53.7177 -53.8309 -53.9282 -54.0106 -54.0775 -54.1296 -54.1671 -54.1921 -54.2069 -54.215 -54.2183 -54.2178 -54.2109 -54.1934 -54.1589 -54.1018 -54.0167 -53.9009 -53.7547 -53.5823 -53.3915 -53.1929 -52.9954 -52.8029 -52.6111
-31.3129 -40.2193 -43.7477 -45.6247 -46.809 -47.6166 -48.1359 -48.4965 -48.736 -48.9162 -49.0487 -49.1643 -49.2632 -49.36 -49.4497 -49.5409 -49.6308 -49.7293 -49.8381 -49.9668 -50.1145 -50.2829 -50.4638 -50.6525 -50.8395 -51.022 -51.1957 -51.3622 -51.5219 -51.6792 -51.8355 -51.9944 -52.1554 -52.3182 -52.4789 -52.6344 -52.7799 -52.9134 -53.0321 -53.1362 -53.2246 -53.2977 -53.3546 -53.3957 -53.4215 -53.4345 -53.4382 -53.4374 -53.4351 -53.4328 -53.4277 -53.4147 -53.3863 -53.3352 -53.2549 -53.1419 -52.9957 -52.8208 -52.6256 -52.4218 -52.2197 -52.0241 -51.8304
-31.1939 -40.0774 -43.5876 -45.4469 -46.6142 -47.4056 -47.9084 -48.2508 -48.4696 -48.6261 -48.7329 -48.8216 -48.8939 -48.9655 -49.0323 -49.1031 -49.1748 -49.257 -49.3503 -49.4635 -49.5952 -49.7472 -49.9117 -50.0846 -50.2571 -50.4269 -50.5898 -50.7474 -50.8996 -51.0501 -51.1999 -51.352 -51.5054 -51.6601 -51.8122 -51.959 -52.0961 -52.2218 -52.3333 -52.4308 -52.5128 -52.5795 -52.6296 -52.6634 -52.6812 -52.6864 -52.6829 -52.6767 -52.6718 -52.6703 -52.6693 -52.6631 -52.6432 -52.6013 -52.53 -52.4249 -52.285 -52.1144 -51.9218 -51.719 -51.5168 -51.3202 -51.1243
-31.0369 -39.8921 -43.3822 -45.2229 -46.3733 -47.1491 -47.6365 -47.9615 -48.1595 -48.2916 -48.371 -48.4308 -48.4743 -48.5187 -48.561 -48.6106 -48.6644 -48.7309 -48.8099 -48.9089 -49.0257 -49.1619 -49.3103 -49.4676 -49.6261 -49.784 -49.9375 -50.0884 -50.236 -50.3834 -50.5307 -50.6801 -50.8301 -50.9805 -51.1274 -51.2686 -51.4002 -51.5205 -51.6274 -51.7209 -51.7995 -51.8631 -51.9102 -51.9406 -51.9547 -51.956 -51.9492 -51.9411 -51.9367 -51.9385 -51.9439 -51.9468 -51.9382 -51.9091 -51.8513 -51.7597 -51.6324 -51.4729 -51.2892 -51.0929 -50.8943 -50.6982 -50.5
-30.8564 -39.6794 -43.1474 -44.968 -46.1002 -46.8595 -47.3304 -47.6366 -47.8119 -47.917 -47.9659 -47.9938 -48.0056 -48.0205 -48.0367 -48.0643 -48.1 -48.1516 -48.2172 -48.3031 -48.406 -48.5272 -48.6601 -48.8024 -48.9474 -49.0943 -49.2398 -49.3859 -49.5317 -49.6796 -49.8286 -49.9797 -50.1306 -50.2806 -50.4258 -50.5645 -50.6931 -50.8108 -50.9156 -51.0078 -51.0863 -51.1506 -51.1986 -51.2299 -51.2444 -51.2457 -51.239 -51.2319 -51.2305 -51.238 -51.2522 -51.2672 -51.2734 -51.2615 -51.2224 -51.15 -51.0414 -50.8987 -50.729 -50.543 -50.3505 -50.1561 -49.9553
-30.6716 -39.4615 -42.9058 -44.7042 -45.8154 -46.5552 -47.0061 -47.2893 -47.4373 -47.5107 -47.5248 -47.5164 -47.493 -47.4755 -47.4636 -47.468 -47.4854 -47.5225 -47.5759 -47.6497 -47.7399 -47.8472 -47.9653 -48.0931 -48.225 -48.3615 -48.5001 -48.6433 -48.79 -48.9419 -49.0967 -49.2539 -49.4099 -49.5634 -49.7104 -49.8495 -49.9779 -50.0953 -50.2006 -50.2947 -50.3764 -50.4453 -50.4986 -50.535 -50.5538 -50.5583 -50.5543 -50.5506 -50.5543 -50.5698 -50.5957 -50.6262 -50.6517 -50.6623 -50.6478 -50.6007 -50.5164 -50.3956 -50.2439 -50.0712 -49.8866 -49.6947 -49.4913
-30.5005 -39.259 -42.6787 -44.452 -45.5381 -46.2527 -46.6769 -46.9303 -47.044 -47.0791 -47.0521 -47.0022 -46.939 -46.8856 -46.8431 -46.8229 -46.8217 -46.8448 -46.8869 -46.9502 -47.0288 -47.1231 -47.2272 -47.3409 -47.46 -47.5863 -47.7185 -47.8602 -48.0102 -48.1695 -48.3342 -48.5017 -48.6671 -48.8278 -48.9799 -49.1224 -49.2532 -49.3729 -49.4815 -49.5805 -49.6692 -49.7467 -49.8096 -49.8553 -49.8821 -49.8927 -49.8937 -49.895 -49.9057 -49.9316 -49.9722 -50.0223 -50.072 -50.1108 -50.1272 -50.1119 -50.0583 -49.9649 -49.8358 -49.6796 -49.505 -49.3164 -49.1101
-30.3621 -39.0941 -42.4883 -44.2333 -45.2885 -45.97 -46.3584 -46.5724 -46.6429 -46.6314 -46.5561 -46.4583 -46.35 -46.2563 -46.18 -46.1334 -46.113 -46.1229 -46.1554 -46.2098 -46.2784 -46.3607 -46.4512 -46.5508 -46.6569 -46.7727 -46.8988 -47.0398 -47.1953 -47.3652 -47.5437 -47.7258 -47.9045 -48.0761 -48.2367 -48.3855 -48.5216 -48.6465 -48.7614 -48.8685 -48.9679 -49.0583 -49.1351 -49.1942 -49.2323 -49.252 -49.2601 -49.2685 -49.2882 -49.3269 -49.3854 -49.4589 -49.5376 -49.6101 -49.6636 -49.6869 -49.6708 -49.6116 -49.5113 -49.3768 -49.2154 -49.0313 -48.8211
-30.2672 -38.9781 -42.3459 -44.0586 -45.0764 -45.7157 -46.0577 -46.2214 -46.2386 -46.1717 -46.0404 -45.8881 -45.7289 -45.59 -45.4759 -45.4006 -45.3607 -45.3587 -45.3837 -45.4315 -45.4917 -45.5628 -45.6398 -45.7249 -45.8172 -45.922 -46.0418 -46.1828 -46.3456 -46.5291 -46.7252 -46.9261 -47.122 -47.3082 -47.4804 -47.6387 -47.7831 -47.9163 -48.0406 -48.1595 -48.2733 -48.3806 -48.4755 -48.5519 -48.605 -48.6367 -48.6546 -48.6725 -48.7036 -48.7577 -48.8369 -48.937 -49.0483 -49.159 -49.255 -49.323 -49.3516 -49.3345 -49.2708 -49.1645 -49.0209 -48.8428 -48.6269
