syntheticgrav.grd
DSAA
 134 106
 0.000000 133.000000
 0.000000 105.000000
 -70.801771 -4.211777
[rows 28 to 55 of 106, columns 0 to 62 of 134]
-16.5621 -21.7816 -22.9619 -23.3867 -23.8156 -24.2628 -24.6311 -24.9153 -25.0763 -25.1552 -25.1718 -25.1345 -25.0234 -24.8686 -24.7409 -24.7815 -25.0932 -25.6369 -26.2748 -26.9138 -27.5154 -28.0815 -28.618 -29.1244 -29.5921 -30.0351 -30.4898 -31.0088 -31.6291 -32.3482 -33.1199 -33.8904 -34.6227 -35.3139 -35.9878 -36.6834 -37.4358 -38.2753 -39.2395 -40.381 -41.7287 -43.2406 -44.8111 -46.3346 -47.7462 -49.0253 -50.1786 -51.2271 -52.196 -53.1117 -53.9968 -54.8688 -55.7359 -56.5981 -57.4477 -58.2745 -59.0684 -59.8234 -60.5374 -61.2126 -61.8527 -62.4626 -63.046
-16.9753 -22.3079 -23.5557 -24.0355 -24.5218 -25.0254 -25.4402 -25.7559 -25.9319 -26.0121 -26.0182 -25.9538 -25.7923 -25.5672 -25.3681 -25.3695 -25.6981 -26.3038 -27.0151 -27.7124 -28.348 -28.9276 -29.4662 -29.9696 -30.4321 -30.8701 -31.3245 -31.8547 -32.5018 -33.2605 -34.0745 -34.8768 -35.6214 -36.3044 -36.9566 -37.6265 -38.3571 -39.1835 -40.144 -41.2894 -42.6435 -44.1593 -45.7297 -47.2507 -48.6597 -49.9371 -51.0891 -52.1357 -53.1011 -54.0109 -54.8874 -55.7478 -56.601 -57.4477 -58.2817 -59.0937 -59.8744 -60.6177 -61.3206 -61.984 -62.6108 -63.2049 -63.7695
-17.5466 -23.0594 -24.4042 -24.9316 -25.4444 -25.9666 -26.3922 -26.7152 -26.8986 -26.9859 -26.9971 -26.9365 -26.7784 -26.5555 -26.3571 -26.355 -26.6723 -27.2602 -27.9507 -28.6243 -29.2328 -29.7835 -30.294 -30.7738 -31.2206 -31.6525 -32.1129 -32.6664 -33.3579 -34.1789 -35.0638 -35.9361 -36.7446 -37.4829 -38.1791 -38.879 -39.6235 -40.4492 -41.3961 -42.5132 -43.8218 -45.2784 -46.7869 -48.2534 -49.6199 -50.8663 -51.9962 -53.0267 -53.9796 -54.8784 -55.7438 -56.5922 -57.4319 -58.264 -59.0829 -59.8804 -60.6474 -61.3778 -62.0682 -62.7187 -63.3311 -63.9088 -64.4547
-18.3147 -24.0869 -25.5617 -26.1265 -26.6265 -27.1196 -27.5126 -27.8136 -27.994 -28.0941 -28.1291 -28.1102 -28.0199 -27.8868 -27.7756 -27.8126 -28.0845 -28.5591 -29.1159 -29.6682 -30.1783 -30.6513 -31.0999 -31.5339 -31.9542 -32.3797 -32.8538 -33.4443 -34.1987 -35.1044 -36.087 -37.0643 -37.9829 -38.8318 -39.6286 -40.4058 -41.1953 -42.0314 -42.9556 -44.0152 -45.2314 -46.5733 -47.9658 -49.3321 -50.6204 -51.8093 -52.8983 -53.8997 -54.8317 -55.7145 -56.5664 -57.4018 -58.228 -59.0458 -59.85 -60.6325 -61.3851 -62.1015 -62.778 -63.4142 -64.0113 -64.5721 -65.0993
-19.184 -25.2496 -26.8707 -27.4708 -27.9404 -28.3822 -28.7224 -28.9875 -29.16 -29.2766 -29.3466 -29.3898 -29.3989 -29.3947 -29.4063 -29.4987 -29.712 -30.0347 -30.408 -30.7921 -31.1666 -31.5352 -31.9032 -32.279 -32.6666 -33.0858 -33.5784 -34.2139 -35.0408 -36.0414 -37.1333 -38.2308 -39.2786 -40.2596 -41.1777 -42.0494 -42.8961 -43.749 -44.6489 -45.6405 -46.7469 -47.9521 -49.2051 -50.4484 -51.6382 -52.7532 -53.7884 -54.7516 -55.6563 -56.5191 -57.3551 -58.1763 -58.9885 -59.7917 -60.5805 -61.3475 -62.0845 -62.7855 -63.4468 -64.0674 -64.6483 -65.1917 -65.7001
-20.0231 -26.3607 -28.124 -28.7669 -29.2164 -29.6166 -29.9132 -30.1492 -30.3175 -30.4526 -30.559 -30.6618 -30.7595 -30.8645 -30.9757 -31.1108 -31.2759 -31.4736 -31.6908 -31.9263 -32.1777 -32.4497 -32.7427 -33.0644 -33.4217 -33.8353 -34.3461 -35.024 -35.9168 -37.0022 -38.192 -39.3979 -40.5628 -41.6625 -42.6885 -43.6449 -44.5446 -45.4156 -46.2962 -47.228 -48.2353 -49.3147 -50.4352 -51.5573 -52.6465 -53.683 -54.6597 -55.5803 -56.4542 -57.2944 -58.1125 -58.9182 -59.7152 -60.5028 -61.2752 -62.0253 -62.7454 -63.4296 -64.0742 -64.678 -65.2417 -65.7672 -66.2569
-20.7501 -27.312 -29.2042 -29.9013 -30.3542 -30.7386 -31.0158 -31.2409 -31.4146 -31.5708 -31.7096 -31.8564 -32.0107 -32.1788 -32.3436 -32.4993 -32.6353 -32.7609 -32.8859 -33.0306 -33.2042 -33.4138 -33.658 -33.9441 -34.2811 -34.6907 -35.2145 -35.9218 -36.8589 -38.0003 -39.2567 -40.5395 -41.7894 -42.9758 -44.0808 -45.1 -46.0407 -46.9276 -47.7955 -48.6824 -49.6131 -50.5924 -51.6038 -52.6217 -53.6205 -54.5838 -55.5039 -56.382 -57.2243 -58.0405 -58.8394 -59.6279 -60.4082 -61.1785 -61.933 -62.6647 -63.3663 -64.0322 -64.6587 -65.2446 -65.7902 -66.2974 -66.7681
-21.3484 -28.0881 -30.0973 -30.8594 -31.3388 -31.7333 -32.0156 -32.2486 -32.4378 -32.6172 -32.7825 -32.9553 -33.1326 -33.3197 -33.4971 -33.655 -33.7799 -33.8829 -33.9795 -34.0959 -34.2448 -34.4345 -34.6632 -34.938 -35.2679 -35.6765 -36.2064 -36.9263 -37.8797 -39.0419 -40.3268 -41.6487 -42.9466 -44.1845 -45.3378 -46.3966 -47.3644 -48.2625 -49.1219 -49.9772 -50.8527 -51.7584 -52.6867 -53.622 -54.5463 -55.4467 -56.3162 -57.1549 -57.9667 -58.7587 -59.5372 -60.3069 -61.0687 -61.8199 -62.5546 -63.2662 -63.9476 -64.5936 -65.2008 -65.7677 -66.2945 -66.7828 -67.2344
-21.8645 -28.7536 -30.8727 -31.7054 -32.2241 -32.6429 -32.9437 -33.1942 -33.4031 -33.6043 -33.7896 -33.9748 -34.1536 -34.3334 -34.5007 -34.6524 -34.7787 -34.8906 -35.0008 -35.1321 -35.2952 -35.4978 -35.738 -36.0215 -36.3565 -36.768 -37.3002 -38.0199 -38.9679 -40.122 -41.4036 -42.7317 -44.0449 -45.3032 -46.4779 -47.5554 -48.5364 -49.4389 -50.2905 -51.1228 -51.959 -52.8115 -53.6785 -54.5512 -55.4168 -56.2659 -57.0924 -57.8961 -58.6793 -59.4474 -60.2046 -60.9541 -61.6954 -62.4256 -63.1387 -63.8284 -64.4881 -65.113 -65.6995 -66.2465 -66.7538 -67.2228 -67.6552
-22.38 -29.4146 -31.6413 -32.5432 -33.0993 -33.5394 -33.8549 -34.1183 -34.3407 -34.5566 -34.7544 -34.9454 -35.1203 -35.2888 -35.4445 -35.592 -35.7267 -35.8592 -35.9979 -36.1607 -36.3551 -36.5875 -36.8546 -37.1598 -37.5094 -37.9291 -38.4638 -39.1773 -40.1074 -41.2354 -42.4916 -43.8013 -45.1041 -46.358 -47.5318 -48.6098 -49.5906 -50.4896 -51.3314 -52.1445 -52.951 -53.7644 -54.5861 -55.4116 -56.2318 -57.0398 -57.8307 -58.6038 -59.3608 -60.1055 -60.8408 -61.5687 -62.2879 -62.9952 -63.685 -64.3513 -64.988 -65.5905 -66.1555 -66.6817 -67.1689 -67.6182 -68.0312
-22.9649 -30.1577 -32.4911 -33.4556 -34.0356 -34.48 -34.793 -35.0528 -35.2739 -35.4918 -35.6938 -35.8887 -36.0656 -36.2346 -36.3915 -36.5446 -36.6914 -36.8431 -37.0067 -37.1992 -37.4268 -37.6947 -37.9964 -38.3315 -38.7034 -39.1371 -39.6769 -40.3823 -41.2876 -42.378 -43.5933 -44.8663 -46.1389 -47.3688 -48.5236 -49.5868 -50.5555 -51.4431 -52.2712 -53.0659 -53.8479 -54.6307 -55.4179 -56.2072 -56.9921 -57.7672 -58.5283 -59.2748 -60.0076 -60.7295 -61.4424 -62.1475 -62.8432 -63.5263 -64.1914 -64.8331 -65.4458 -66.0251 -66.5678 -67.0726 -67.5393 -67.9687 -68.3622
-23.6354 -30.9992 -33.4351 -34.4539 -35.0435 -35.4736 -35.7646 -36.0024 -36.2054 -36.4118 -36.6097 -36.8083 -36.9958 -37.1803 -37.3546 -37.5243 -37.6859 -37.8519 -38.0322 -38.2472 -38.505 -38.8095 -39.1499 -39.5203 -39.9206 -40.3739 -40.9219 -41.6187 -42.4948 -43.5398 -44.7031 -45.9258 -47.1533 -48.344 -49.4659 -50.5022 -51.449 -52.3181 -53.1287 -53.9045 -54.6645 -55.4222 -56.1818 -56.9425 -57.6992 -58.4475 -59.1835 -59.9065 -60.6167 -61.3163 -62.0066 -62.6881 -63.3594 -64.0172 -64.6569 -65.2733 -65.8612 -66.4166 -66.9366 -67.4197 -67.8655 -68.2748 -68.6487
-24.3377 -31.8705 -34.4014 -35.4698 -36.0636 -36.4718 -36.7317 -36.9379 -37.1129 -37.2988 -37.4865 -37.6872 -37.8891 -38.097 -38.2974 -38.4903 -38.6696 -38.8492 -39.0438 -39.2794 -39.5672 -39.9095 -40.2911 -40.7007 -41.1338 -41.611 -42.1698 -42.8584 -43.7036 -44.699 -45.8036 -46.9669 -48.1387 -49.2797 -50.3586 -51.3592 -52.2773 -53.1228 -53.913 -54.6693 -55.4091 -56.1452 -56.882 -57.6194 -58.353 -59.0788 -59.793 -60.4946 -61.1836 -61.8614 -62.5289 -63.1866 -63.833 -64.4652 -65.0789 -65.6696 -66.2325 -66.7639 -67.2609 -67.7221 -68.1469 -68.536 -68.8903
-24.9851 -32.6678 -35.2847 -36.4026 -37.0067 -37.4003 -37.6347 -37.8124 -37.9598 -38.1231 -38.2969 -38.4957 -38.7079 -38.9357 -39.1604 -39.3772 -39.5777 -39.7771 -39.9938 -40.2575 -40.581 -40.9653 -41.3911 -41.8424 -42.3114 -42.8154 -43.3871 -44.0687 -44.8836 -45.829 -46.8723 -47.9713 -49.0813 -50.1658 -51.1957 -52.1553 -53.0403 -53.8595 -54.628 -55.365 -56.0863 -56.8037 -57.5213 -58.2392 -58.9532 -59.6594 -60.3542 -61.0362 -61.7048 -62.3613 -63.0063 -63.6403 -64.2617 -64.8683 -65.4562 -66.0213 -66.5592 -67.0666 -67.5406 -67.9799 -68.3837 -68.7526 -69.0873
-25.508 -33.3118 -36.0067 -37.1765 -37.8032 -38.1984 -38.423 -38.5848 -38.7126 -38.8563 -39.0143 -39.2044 -39.4166 -39.6526 -39.8923 -40.1297 -40.356 -40.5868 -40.8407 -41.1474 -41.5182 -41.9518 -42.4256 -42.9211 -43.4278 -43.9603 -44.5462 -45.2221 -46.0087 -46.9058 -47.8882 -48.9216 -49.9671 -50.992 -51.9697 -52.8858 -53.7359 -54.5277 -55.2744 -55.993 -56.6977 -57.3989 -58.1002 -58.8013 -59.4983 -60.1872 -60.8641 -61.5275 -62.1766 -62.8124 -63.4353 -64.0458 -64.6427 -65.2241 -65.7865 -66.3263 -66.8396 -67.3233 -67.7745 -68.192 -68.575 -68.9238 -69.2392
-25.8815 -33.7764 -36.5427 -37.7674 -38.4296 -38.8444 -39.0776 -39.239 -39.3581 -39.4873 -39.6283 -39.8021 -40.0015 -40.231 -40.4737 -40.7271 -40.9841 -41.2595 -41.5683 -41.9352 -42.3667 -42.8576 -43.3835 -43.9245 -44.4695 -45.0303 -45.6305 -46.3016 -47.0618 -47.9132 -48.8371 -49.806 -50.787 -51.7519 -52.6768 -53.5489 -54.3639 -55.1286 -55.8541 -56.5557 -57.2455 -57.9326 -58.6196 -59.3062 -59.9879 -60.6608 -61.321 -61.9668 -62.597 -63.2126 -63.8139 -64.4016 -64.9745 -65.5313 -66.0688 -66.584 -67.0733 -67.5336 -67.9625 -68.3586 -68.7209 -69.05 -69.3462
-26.1242 -34.0851 -36.9166 -38.198 -38.9054 -39.3545 -39.6119 -39.7863 -39.9067 -40.0265 -40.1498 -40.3009 -40.4761 -40.6857 -40.9204 -41.1853 -41.4772 -41.8087 -42.1876 -42.6289 -43.1314 -43.6853 -44.2648 -44.8509 -45.4323 -46.0194 -46.6321 -47.298 -48.0332 -48.842 -49.7106 -50.618 -51.5369 -52.4435 -53.3168 -54.146 -54.9268 -55.665 -56.3704 -57.0561 -57.7322 -58.4066 -59.0809 -59.7541 -60.4217 -61.0796 -61.7237 -62.3523 -62.9642 -63.5601 -64.1404 -64.7058 -65.2555 -65.7884 -66.3019 -66.7932 -67.259 -67.6966 -68.1036 -68.4787 -68.8208 -69.1304 -69.4078
-26.2814 -34.2905 -37.1806 -38.518 -39.2759 -39.7682 -40.0595 -40.256 -40.3848 -40.4992 -40.6053 -40.7299 -40.8734 -41.0538 -41.2725 -41.5454 -41.8746 -42.2695 -42.7274 -43.2509 -43.8286 -44.4462 -45.0774 -45.7048 -46.3181 -46.927 -47.5489 -48.2081 -48.9194 -49.6887 -50.5064 -51.3568 -52.2176 -53.0693 -53.894 -54.6821 -55.4301 -56.1429 -56.8288 -57.4991 -58.1623 -58.8246 -59.4867 -60.147 -60.8009 -61.4441 -62.0724 -62.6841 -63.2779 -63.8546 -64.4144 -64.9581 -65.4854 -65.9953 -66.4855 -66.9536 -67.3967 -67.8122 -68.1978 -68.5523 -68.8746 -69.1651 -69.4239
-26.4013 -34.4483 -37.3898 -38.7802 -39.5891 -40.1274 -40.4566 -40.6797 -40.8212 -40.934 -41.0249 -41.1227 -41.2321 -41.379 -41.5776 -41.8561 -42.223 -42.6834 -43.2222 -43.8276 -44.478 -45.1545 -45.8313 -46.4932 -47.1317 -47.7563 -48.3827 -49.033 -49.7212 -50.4542 -51.226 -52.025 -52.8332 -53.6348 -54.4144 -55.1642 -55.8811 -56.5694 -57.236 -57.8909 -58.5407 -59.1905 -59.8401 -60.4873 -61.1272 -61.7555 -62.368 -62.9627 -63.5386 -64.0962 -64.6358 -65.1585 -65.6639 -66.1514 -66.6191 -67.0648 -67.4858 -67.8798 -68.2446 -68.5789 -68.8819 -69.1535 -69.394
-26.5178 -34.5983 -37.5846 -39.0237 -39.881 -40.4641 -40.8315 -41.0828 -41.2402 -41.3555 -41.4359 -41.511 -41.5891 -41.7041 -41.8825 -42.1657 -42.5687 -43.0913 -43.7054 -44.385 -45.0987 -45.8245 -46.5374 -47.2247 -47.88 -48.5133 -49.1392 -49.7782 -50.4438 -51.1439 -51.8748 -52.6284 -53.3901 -54.1468 -54.8857 -55.6003 -56.2878 -56.9522 -57.5994 -58.238 -58.8734 -59.5096 -60.1455 -60.7786 -61.4036 -62.0163 -62.6123 -63.1898 -63.7475 -64.2861 -64.8058 -65.3078 -65.7918 -66.2575 -66.7033 -67.1272 -67.5267 -67.8997 -68.2442 -68.5588 -68.8427 -69.0959 -69.3184
-26.6451 -34.7583 -37.7849 -39.2684 -40.1707 -40.7965 -41.2014 -41.4827 -41.6603 -41.7848 -41.8629 -41.9249 -41.9812 -42.0725 -42.2362 -42.5251 -42.9595 -43.5346 -44.2102 -44.948 -45.7095 -46.4701 -47.2064 -47.9085 -48.5718 -49.2066 -49.8269 -50.4524 -51.0957 -51.7658 -52.4607 -53.1746 -53.8956 -54.6128 -55.3154 -55.9977 -56.6575 -57.2984 -57.9257 -58.5467 -59.1661 -59.7867 -60.4071 -61.0244 -61.6332 -62.2291 -62.8078 -63.3674 -63.9065 -64.4258 -64.9256 -65.407 -65.8699 -66.3143 -66.7385 -67.1411 -67.5196 -67.8721 -68.1966 -68.492 -68.7571 -68.9921 -69.1968
-26.7843 -34.9309 -37.9951 -39.5203 -40.4655 -41.1328 -41.5764 -41.8914 -42.0962 -42.2404 -42.3299 -42.3948 -42.4471 -42.5316 -42.6925 -42.99 -43.4475 -44.0567 -44.7696 -45.5408 -46.3273 -47.1039 -47.8487 -48.5537 -49.2158 -49.8454 -50.4557 -51.0654 -51.6869 -52.3294 -52.9923 -53.6715 -54.3569 -55.0395 -55.7096 -56.3625 -56.9961 -57.6139 -58.2205 -58.8225 -59.4238 -60.0267 -60.6295 -61.2289 -61.8197 -62.3973 -62.9574 -63.4982 -64.018 -64.5176 -64.9972 -65.4579 -65.8999 -66.323 -66.7261 -67.1076 -67.4655 -67.7978 -68.1027 -68.379 -68.6256 -68.8425 -69.0297
-26.9318 -35.1125 -38.2135 -39.7792 -40.7666 -41.4765 -41.9619 -42.3169 -42.559 -42.7367 -42.8555 -42.9453 -43.0185 -43.1202 -43.2958 -43.6059 -44.0737 -44.6905 -45.408 -46.1803 -46.964 -47.7347 -48.4715 -49.1672 -49.8192 -50.4374 -51.0338 -51.6262 -52.2261 -52.843 -53.4771 -54.1256 -54.7797 -55.4317 -56.0726 -56.6986 -57.3074 -57.9024 -58.4876 -59.0692 -59.6504 -60.2335 -60.8163 -61.3957 -61.9664 -62.524 -63.0642 -63.5849 -64.0846 -64.5638 -65.0227 -65.4626 -65.8834 -66.2854 -66.6673 -67.028 -67.3653 -67.6777 -67.9631 -68.2204 -68.4487 -68.6476 -68.8173
-27.0854 -35.301 -38.4383 -40.0443 -41.0746 -41.829 -42.3602 -42.7623 -43.0521 -43.2777 -43.4444 -43.5816 -43.7007 -43.8442 -44.0518 -44.3775 -44.8414 -45.438 -46.1261 -46.8665 -47.6199 -48.3633 -49.0762 -49.7515 -50.3855 -50.9871 -51.5666 -52.1403 -52.719 -53.312 -53.92 -54.541 -55.1673 -55.7919 -56.4066 -57.0077 -57.593 -58.1656 -58.7291 -59.2891 -59.8487 -60.4098 -60.9706 -61.5279 -62.0767 -62.6125 -63.1312 -63.6306 -64.1091 -64.5671 -65.0049 -65.4234 -65.8228 -66.2034 -66.5641 -66.9039 -67.2207 -67.5131 -67.7791 -68.0175 -68.2274 -68.4085 -68.5605
-27.2457 -35.497 -38.6709 -40.3173 -41.3907 -42.191 -42.771 -43.2251 -43.5699 -43.8537 -44.0811 -44.2811 -44.4628 -44.6632 -44.9124 -45.2539 -45.703 -46.2596 -46.8944 -47.5792 -48.2816 -48.9813 -49.6583 -50.3043 -50.9145 -51.4955 -52.0559 -52.6103 -53.1683 -53.7388 -54.3229 -54.9191 -55.5204 -56.1205 -56.7114 -57.2895 -57.8526 -58.4034 -58.945 -59.4828 -60.0196 -60.5575 -61.0945 -61.628 -62.153 -62.6656 -63.1613 -63.6382 -64.0945 -64.5305 -64.9463 -65.3429 -65.7205 -66.0793 -66.4186 -66.7372 -67.0334 -67.3056 -67.5521 -67.7716 -67.963 -68.126 -68.2604
-27.4153 -35.7041 -38.9151 -40.6015 -41.7174 -42.5627 -43.1912 -43.6977 -44.0993 -44.4437 -44.7353 -45.0019 -45.2495 -45.5084 -45.7986 -46.1528 -46.5821 -47.0919 -47.6647 -48.2843 -48.9262 -49.574 -50.2081 -50.8198 -51.4023 -51.9603 -52.5003 -53.0351 -53.5732 -54.1228 -54.6851 -55.259 -55.8379 -56.4158 -56.9852 -57.5422 -58.0845 -58.6143 -59.1344 -59.6498 -60.1633 -60.6769 -61.189 -61.6975 -62.1975 -62.6855 -63.1571 -63.6104 -64.0435 -64.4566 -64.8497 -65.2237 -65.5789 -65.9156 -66.233 -66.5301 -66.8054 -67.0572 -67.2839 -67.4842 -67.6569 -67.8017 -67.9182
-27.5983 -35.9271 -39.1757 -40.9013 -42.0574 -42.9442 -43.617 -44.1716 -44.6251 -45.0252 -45.3753 -45.7016 -46.0068 -46.3153 -46.6383 -47.0006 -47.4101 -47.8761 -48.3907 -48.9477 -49.5301 -50.1253 -50.7154 -51.2911 -51.8444 -52.3784 -52.8976 -53.413 -53.9321 -54.4625 -55.005 -55.5589 -56.1178 -56.6759 -57.2258 -57.7635 -58.2864 -58.7962 -59.2955 -59.7888 -60.2788 -60.7678 -61.2546 -61.7372 -62.2115 -62.674 -63.1207 -63.5495 -63.9586 -64.348 -64.7177 -65.0686 -65.4008 -65.7147 -66.0097 -66.2849 -66.5388 -66.77 -66.9765 -67.1573 -67.311 -67.4373 -67.5357
-27.7977 -36.1695 -39.4562 -41.2195 -42.4119 -43.3347 -44.0446 -44.6391 -45.1355 -45.5809 -45.9779 -46.3509 -46.6997 -47.044 -47.3892 -47.7548 -48.1464 -48.5764 -49.0426 -49.5463 -50.0762 -50.6234 -51.1719 -51.7126 -52.237 -52.7469 -53.2454 -53.742 -54.2432 -54.7559 -55.2806 -55.8168 -56.3579 -56.8985 -57.4308 -57.951 -58.4558 -58.9469 -59.426 -59.8978 -60.3648 -60.8293 -61.2907 -61.7473 -62.1955 -62.6321 -63.0534 -63.4572 -63.8418 -64.207 -64.5526 -64.8796 -65.1882 -65.4789 -65.7509 -66.0037 -66.2358 -66.4458 -66.6319 -66.7927 -66.9272 -67.0346 -67.1147
